250
42020 10505
15390 3078
8385 2795
14652 1332
27066 27066
15803 15803
35974 17987
40880 10220
39915 7983
27718 13859
35483 5069
23258 23258
28448 28448
43180 21590
42430 21215
13903 13903
48648 24324
37410 7482
29448 9816
24101 313
52342 26171
54544 27272
27158 27158
35424 17712
58358 29179
19713 19713
24034 24034
52852 26426
58996 29498
64638 32319
59116 29558
27432 9144
18484 18484
29328 7332
30944 30944
25333 25333
24726 12363
13078 13078
15795 1215
21780 10890
31164 7791
36936 9234
20963 20963
11798 11798
26902 26902
21784 5446
20454 20454
19722 9861
30544 30544
60152 30076
47396 23698
24964 24964
31626 31626
36790 18395
11963 11963
19935 19935
28998 4833
36366 6061
9598 4799
36136 9034
37608 18804
50184 25092
39754 19877
55536 27768
25738 12869
16609 16609
29729 29729
25903 25903
33448 16724
41064 13688
14232 7116
41510 20755
3091 3091
29905 5981
18631 18631
25900 25900
16987 16987
16673 16673
5444 5444
11210 11210
12343 12343
55292 27646
33866 16933
16822 16822
61490 30745
16536 16536
31254 10418
34263 11421
15232 3808
15519 5173
34524 17262
32200 3220
48476 24238
3423 1141
33040 4130
1982 991
20784 2598
34624 8656
18332 18332
37965 7593
48681 16227
10894 10894
11265 3755
40110 20055
26256 8752
56544 28272
48684 16228
25438 25438
29604 4934
63074 31537
13901 13901
41678 20839
25636 25636
21103 21103
30761 30761
11573 11573
11902 11902
10726 10726
22536 11268
45536 22768
17995 17995
38008 19004
9330 4665
45558 22779
4439 4439
13818 6909
35990 3599
29393 29393
38788 9697
29592 24
28482 14241
37254 18627
37356 12452
10326 10326
20443 20443
22074 22074
60398 30199
25926 25926
39502 19751
27292 13646
24146 12073
64902 32451
31307 31307
64146 32073
16912 8456
8405 8405
6912 256
59928 29964
29145 29145
17216 8608
32356 16178
31294 31294
12750 4250
21570 10785
23532 11766
25188 25188
28333 28333
37086 12362
33657 11219
42114 21057
53768 26884
10258 10258
22818 22818
54256 27128
30060 15030
9044 9044
32620 6524
18624 18624
21704 21704
12916 12916
30900 10300
6210 621
56474 28237
25372 12686
24050 4810
28415 5683
31824 3536
36892 9223
13727 13727
57672 28836
15732 5244
21914 21914
25780 5156
25797 8599
47960 23980
42232 10558
31697 1093
34804 17402
64780 32390
30954 30954
43408 21704
43348 21674
45672 15224
23533 23533
22416 11208
11554 5777
32318 32318
49296 24648
15876 3969
30546 30546
15897 5299
47824 23912
20486 20486
14988 14988
31797 31797
16900 16900
32439 2949
53408 26704
14498 14498
58210 29105
29479 29479
46078 23039
65094 32547
56740 28370
28856 14428
57778 28889
24273 8091
23693 23693
46790 23395
10590 10590
7001 7001
9476 4738
27255 27255
32302 32302
32925 6585
24608 24608
48860 24430
100 10
23979 23979
27870 1858
61964 30982
12784 12784
31268 31268
24900 4150
63870 31935
10934 5467
11480 11480
48648 16216
23481 23481
43911 14637
9573 9573
16250 16250
35734 17867
22820 11410
32735 6547
24618 12309
26670 8890
26160 1308
25647 25647
51666 25833
